Date, Time, Open, High, Low, Last, Volume, OpenInt, OHLC Avg, HLC Avg, HL Avg, Bid Volume, Ask Volume, OI
2023-9-21, 00:00:00.000000, 89.30, 90.98, 88.37, 89.63, 766917, 1702357, 89.57, 89.66, 89.68, 0, 0, 1702357
2023-9-22, 00:00:00.000000, 89.62, 91.33, 89.31, 90.03, 1041400, 1747611, 90.07, 90.22, 90.32, 0, 0, 1747611
2023-9-25, 00:00:00.000000, 90.55, 90.83, 89.03, 89.68, 758140, 1743019, 90.02, 89.85, 89.93, 0, 0, 1743019
2023-9-26, 00:00:00.000000, 89.88, 90.74, 88.19, 90.39, 696980, 1750559, 89.80, 89.77, 89.46, 0, 0, 1750559
2023-9-27, 00:00:00.000000, 90.53, 94.17, 90.40, 93.68, 1312062, 1785182, 92.19, 92.75, 92.29, 0, 0, 1785182
2023-9-28, 00:00:00.000000, 93.78, 95.03, 91.39, 91.71, 1036849, 1776331, 92.98, 92.71, 93.21, 0, 0, 1776331
2023-9-29, 00:00:00.000000, 91.76, 93.10, 90.35, 90.79, 828230, 1774359, 91.50, 91.41, 91.72, 0, 0, 1774359
2023-10-2, 00:00:00.000000, 90.82, 91.88, 88.46, 88.82, 772400, 1770012, 90.00, 89.72, 90.17, 0, 0, 1770012
2023-10-3, 00:00:00.000000, 88.67, 90.27, 87.76, 89.23, 920197, 1787495, 88.98, 89.09, 89.01, 0, 0, 1787495
2023-10-4, 00:00:00.000000, 89.42, 89.59, 84.16, 84.22, 1025901, 1784065, 86.85, 85.99, 86.88, 0, 0, 1784065
2023-10-5, 00:00:00.000000, 84.45, 84.92, 82.15, 82.31, 1107099, 1796383, 83.46, 83.13, 83.54, 0, 0, 1796383
2023-10-6, 00:00:00.000000, 82.28, 83.28, 81.50, 82.79, 1106528, 1747129, 82.46, 82.52, 82.39, 0, 0, 1747129
2023-10-9, 00:00:00.000000, 85.25, 87.24, 84.67, 86.38, 1045860, 1726790, 85.88, 86.10, 85.96, 0, 0, 1726790
2023-10-10, 00:00:00.000000, 86.43, 86.74, 85.12, 85.97, 951073, 1753314, 86.07, 85.94, 85.93, 0, 0, 1753314
2023-10-11, 00:00:00.000000, 85.96, 86.51, 83.11, 83.49, 1160588, 1760570, 84.77, 84.37, 84.81, 0, 0, 1760570
2023-10-12, 00:00:00.000000, 83.20, 85.20, 82.31, 82.91, 1060997, 1717923, 83.40, 83.47, 83.75, 0, 0, 1717923
2023-10-13, 00:00:00.000000, 83.51, 87.83, 83.35, 87.69, 1054137, 1688923, 85.60, 86.29, 85.59, 0, 0, 1688923
2023-10-16, 00:00:00.000000, 87.72, 88.33, 86.32, 86.66, 656712, 1678852, 87.26, 87.10, 87.32, 0, 0, 1678852
2023-10-17, 00:00:00.000000, 87.06, 87.75, 85.60, 86.66, 670181, 1654168, 86.77, 86.67, 86.68, 0, 0, 1654168
2023-10-18, 00:00:00.000000, 86.41, 88.57, 86.25, 87.27, 785239, 1648577, 87.13, 87.36, 87.41, 0, 0, 1648577
2023-10-19, 00:00:00.000000, 87.22, 89.54, 85.44, 88.37, 836293, 1648103, 87.64, 87.78, 87.49, 0, 0, 1648103
2023-10-20, 00:00:00.000000, 89.09, 89.85, 87.53, 88.08, 626724, 1641488, 88.64, 88.49, 88.69, 0, 0, 1641488
2023-10-23, 00:00:00.000000, 88.00, 88.29, 85.35, 85.49, 590445, 1631088, 86.78, 86.38, 86.82, 0, 0, 1631088
2023-10-24, 00:00:00.000000, 86.15, 86.30, 82.94, 83.74, 818434, 1628044, 84.78, 84.33, 84.62, 0, 0, 1628044
2023-10-25, 00:00:00.000000, 83.69, 85.56, 82.08, 85.39, 881539, 1622665, 84.18, 84.34, 83.82, 0, 0, 1622665
2023-10-26, 00:00:00.000000, 85.37, 85.59, 82.56, 83.21, 697715, 1632941, 84.18, 83.79, 84.07, 0, 0, 1632941
2023-10-27, 00:00:00.000000, 83.53, 85.90, 83.10, 85.54, 629905, 1646258, 84.52, 84.85, 84.50, 0, 0, 1646258
2023-10-30, 00:00:00.000000, 85.00, 85.30, 81.82, 82.31, 720900, 1670588, 83.61, 83.14, 83.56, 0, 0, 1670588
2023-10-31, 00:00:00.000000, 82.59, 83.37, 80.74, 81.02, 732326, 1671255, 81.93, 81.71, 82.06, 0, 0, 1671255
2023-11-1, 00:00:00.000000, 81.48, 83.42, 80.30, 80.44, 738399, 1680549, 81.41, 81.39, 81.86, 0, 0, 1680549
2023-11-2, 00:00:00.000000, 80.82, 82.83, 80.22, 82.46, 776595, 1675544, 81.58, 81.84, 81.53, 0, 0, 1675544
2023-11-3, 00:00:00.000000, 82.58, 83.60, 80.10, 80.51, 963284, 1691456, 81.70, 81.40, 81.85, 0, 0, 1691456
2023-11-6, 00:00:00.000000, 81.13, 82.24, 80.66, 80.82, 650379, 1689918, 81.21, 81.24, 81.45, 0, 0, 1689918
2023-11-7, 00:00:00.000000, 80.93, 81.05, 77.09, 77.37, 942721, 1688562, 79.11, 78.50, 79.07, 0, 0, 1688562
2023-11-8, 00:00:00.000000, 77.12, 77.53, 74.91, 75.33, 1052345, 1674065, 76.22, 75.92, 76.22, 0, 0, 1674065
2023-11-9, 00:00:00.000000, 75.65, 77.16, 75.21, 75.74, 800403, 1658816, 75.94, 76.04, 76.18, 0, 0, 1658816
2023-11-10, 00:00:00.000000, 75.59, 77.73, 75.31, 77.17, 668859, 1655570, 76.45, 76.74, 76.52, 0, 0, 1655570
2023-11-13, 00:00:00.000000, 77.15, 78.64, 76.21, 78.26, 621102, 1645459, 77.57, 77.70, 77.43, 0, 0, 1645459
2023-11-14, 00:00:00.000000, 78.53, 79.77, 77.79, 78.26, 678496, 1639133, 78.59, 78.61, 78.78, 0, 0, 1639133
2023-11-15, 00:00:00.000000, 78.17, 78.77, 76.31, 76.66, 864712, 1620876, 77.48, 77.25, 77.54, 0, 0, 1620876
2023-11-16, 00:00:00.000000, 76.60, 76.63, 72.16, 72.90, 1050643, 1602287, 74.57, 73.90, 74.40, 0, 0, 1602287
2023-11-17, 00:00:00.000000, 73.11, 76.19, 72.91, 76.04, 800649, 1559701, 74.56, 75.05, 74.55, 0, 0, 1559701
2023-11-20, 00:00:00.000000, 75.80, 78.46, 75.41, 77.83, 562867, 1541757, 76.88, 77.23, 76.93, 0, 0, 1541757
2023-11-21, 00:00:00.000000, 77.65, 77.92, 76.92, 77.77, 483113, 1549244, 77.57, 77.54, 77.42, 0, 0, 1549244
2023-11-22, 00:00:00.000000, 77.77, 77.97, 73.79, 77.10, 774983, 1558716, 76.66, 76.29, 75.88, 0, 0, 1558716
2023-11-24, 00:00:00.000000, 76.79, 77.09, 75.07, 75.54, 518146, 1565233, 76.12, 75.90, 76.08, 0, 0, 1565233
2023-11-27, 00:00:00.000000, 75.31, 76.23, 74.06, 74.86, 559611, 1569542, 75.12, 75.05, 75.15, 0, 0, 1569542
2023-11-28, 00:00:00.000000, 75.07, 77.02, 74.64, 76.41, 739929, 1563737, 75.79, 76.02, 75.83, 0, 0, 1563737
2023-11-29, 00:00:00.000000, 76.56, 78.09, 75.67, 77.86, 707111, 1584635, 77.04, 77.21, 76.88, 0, 0, 1584635
2023-11-30, 00:00:00.000000, 77.75, 79.60, 75.05, 75.96, 1371341, 1649235, 77.09, 76.87, 77.32, 0, 0, 1649235
2023-12-1, 00:00:00.000000, 75.59, 76.76, 73.93, 74.07, 814632, 1640920, 75.09, 74.92, 75.35, 0, 0, 1640920
2023-12-4, 00:00:00.000000, 74.58, 75.03, 72.63, 73.04, 949261, 1641322, 73.82, 73.57, 73.83, 0, 0, 1641322
2023-12-5, 00:00:00.000000, 73.30, 74.12, 72.02, 72.32, 862033, 1650437, 72.94, 72.82, 73.07, 0, 0, 1650437
2023-12-6, 00:00:00.000000, 72.10, 72.60, 69.11, 69.38, 1064089, 1672966, 70.80, 70.36, 70.85, 0, 0, 1672966
2023-12-7, 00:00:00.000000, 69.28, 70.48, 68.80, 69.34, 762671, 1659213, 69.48, 69.54, 69.64, 0, 0, 1659213
2023-12-8, 00:00:00.000000, 69.76, 71.63, 69.50, 71.23, 672911, 1644575, 70.53, 70.79, 70.57, 0, 0, 1644575
2023-12-11, 00:00:00.000000, 71.15, 71.81, 70.35, 71.32, 615596, 1642844, 71.16, 71.16, 71.08, 0, 0, 1642844
2023-12-12, 00:00:00.000000, 71.43, 71.96, 68.22, 68.61, 883323, 1650245, 70.06, 69.60, 70.09, 0, 0, 1650245
2023-12-13, 00:00:00.000000, 68.73, 69.89, 67.71, 69.47, 798123, 1651949, 68.95, 69.02, 68.80, 0, 0, 1651949
2023-12-14, 00:00:00.000000, 69.85, 72.46, 69.54, 71.58, 855935, 1604072, 70.86, 71.19, 71.00, 0, 0, 1604072
2023-12-15, 00:00:00.000000, 71.61, 72.22, 70.30, 71.43, 655144, 1595998, 71.39, 71.32, 71.26, 0, 0, 1595998
2023-12-18, 00:00:00.000000, 72.05, 74.61, 70.99, 72.82, 696111, 1575517, 72.62, 72.81, 72.80, 0, 0, 1575517
2023-12-19, 00:00:00.000000, 72.93, 74.45, 72.14, 73.94, 489640, 1574070, 73.37, 73.51, 73.29, 0, 0, 1574070
2023-12-20, 00:00:00.000000, 74.06, 75.37, 73.60, 74.22, 580361, 1570471, 74.31, 74.40, 74.49, 0, 0, 1570471
2023-12-21, 00:00:00.000000, 73.81, 74.58, 72.44, 73.89, 527707, 1572142, 73.68, 73.64, 73.51, 0, 0, 1572142
2023-12-22, 00:00:00.000000, 73.91, 74.98, 73.39, 73.56, 513366, 1561234, 73.96, 73.98, 74.18, 0, 0, 1561234
2023-12-26, 00:00:00.000000, 73.56, 76.18, 73.13, 75.57, 454412, 1554682, 74.61, 74.96, 74.65, 0, 0, 1554682
2023-12-27, 00:00:00.000000, 75.32, 75.66, 73.77, 74.11, 519511, 1558982, 74.71, 74.51, 74.71, 0, 0, 1558982
2023-12-28, 00:00:00.000000, 73.80, 74.40, 71.72, 71.77, 545277, 1579447, 72.92, 72.63, 73.06, 0, 0, 1579447
2023-12-29, 00:00:00.000000, 71.99, 72.62, 71.25, 71.65, 401260, 1581998, 71.88, 71.84, 71.93, 0, 0, 1581998
2024-1-2, 00:00:00.000000, 71.71, 73.64, 70.06, 70.38, 678084, 1586914, 71.45, 71.36, 71.85, 0, 0, 1586914
2024-1-3, 00:00:00.000000, 70.50, 73.23, 69.28, 72.70, 806453, 1570625, 71.43, 71.74, 71.26, 0, 0, 1570625
2024-1-4, 00:00:00.000000, 73.04, 74.00, 71.06, 72.19, 817881, 1562038, 72.57, 72.42, 72.53, 0, 0, 1562038
2024-1-5, 00:00:00.000000, 72.40, 74.24, 72.21, 73.81, 788873, 1575346, 73.17, 73.42, 73.22, 0, 0, 1575346
2024-1-8, 00:00:00.000000, 73.51, 73.95, 70.13, 70.77, 891215, 1591022, 72.09, 71.62, 72.04, 0, 0, 1591022
2024-1-9, 00:00:00.000000, 70.91, 72.93, 70.47, 72.24, 825581, 1598167, 71.64, 71.88, 71.70, 0, 0, 1598167
2024-1-10, 00:00:00.000000, 72.17, 73.59, 71.01, 71.37, 904063, 1614656, 72.03, 71.99, 72.30, 0, 0, 1614656
2024-1-11, 00:00:00.000000, 71.33, 73.81, 71.17, 72.02, 945505, 1614241, 72.08, 72.33, 72.49, 0, 0, 1614241
2024-1-12, 00:00:00.000000, 73.01, 75.25, 72.36, 72.68, 999860, 1621567, 73.33, 73.43, 73.81, 0, 0, 1621567
2024-1-16, 00:00:00.000000, 72.63, 73.56, 71.23, 72.40, 1084460, 1610493, 72.46, 72.40, 72.40, 0, 0, 1610493
2024-1-17, 00:00:00.000000, 72.00, 72.95, 70.50, 72.56, 1049382, 1631935, 72.00, 72.00, 71.72, 0, 0, 1631935
2024-1-18, 00:00:00.000000, 72.73, 74.19, 72.10, 73.95, 841425, 1619206, 73.24, 73.41, 73.15, 0, 0, 1619206
2024-1-19, 00:00:00.000000, 73.92, 74.63, 72.99, 73.25, 769566, 1624974, 73.70, 73.62, 73.81, 0, 0, 1624974
2024-1-22, 00:00:00.000000, 73.60, 75.46, 72.56, 74.76, 734497, 1642696, 74.10, 74.26, 74.01, 0, 0, 1642696
2024-1-23, 00:00:00.000000, 74.68, 75.25, 73.41, 74.37, 615253, 1648476, 74.43, 74.34, 74.33, 0, 0, 1648476
2024-1-24, 00:00:00.000000, 74.57, 75.83, 73.94, 75.09, 629203, 1665824, 74.86, 74.95, 74.89, 0, 0, 1665824
2024-1-25, 00:00:00.000000, 75.30, 77.51, 75.16, 77.36, 673687, 1677209, 76.33, 76.68, 76.34, 0, 0, 1677209
2024-1-26, 00:00:00.000000, 77.15, 78.26, 76.06, 78.01, 807044, 1705264, 77.37, 77.44, 77.16, 0, 0, 1705264
2024-1-29, 00:00:00.000000, 78.90, 79.29, 76.41, 76.78, 668675, 1720315, 77.85, 77.49, 77.85, 0, 0, 1720315
2024-1-30, 00:00:00.000000, 77.02, 78.14, 75.85, 77.82, 723027, 1747660, 77.21, 77.27, 76.99, 0, 0, 1747660
2024-1-31, 00:00:00.000000, 77.84, 78.11, 75.52, 75.85, 693858, 1766979, 76.83, 76.49, 76.82, 0, 0, 1766979
2024-2-1, 00:00:00.000000, 75.96, 76.95, 73.70, 73.82, 1289790, 1776101, 75.11, 74.82, 75.32, 0, 0, 1776101
2024-2-2, 00:00:00.000000, 73.91, 74.52, 71.79, 72.28, 1044067, 1791151, 73.13, 72.86, 73.15, 0, 0, 1791151
2024-2-5, 00:00:00.000000, 72.75, 73.28, 71.41, 72.78, 831339, 1806577, 72.56, 72.49, 72.35, 0, 0, 1806577
2024-2-6, 00:00:00.000000, 72.76, 73.82, 72.38, 73.31, 678316, 1808220, 73.07, 73.17, 73.10, 0, 0, 1808220
2024-2-7, 00:00:00.000000, 73.50, 74.22, 73.23, 73.86, 642168, 1795633, 73.70, 73.77, 73.73, 0, 0, 1795633
2024-2-8, 00:00:00.000000, 74.08, 76.59, 73.56, 76.22, 1050406, 1797128, 75.11, 75.46, 75.07, 0, 0, 1797128
2024-2-9, 00:00:00.000000, 76.42, 77.29, 75.93, 76.84, 761314, 1777106, 76.62, 76.69, 76.61, 0, 0, 1777106
2024-2-12, 00:00:00.000000, 76.60, 77.09, 75.54, 76.92, 669916, 1753960, 76.54, 76.52, 76.32, 0, 0, 1753960
2024-2-13, 00:00:00.000000, 77.03, 78.47, 76.87, 77.87, 974269, 1715857, 77.56, 77.74, 77.67, 0, 0, 1715857
2024-2-14, 00:00:00.000000, 77.81, 78.77, 76.38, 76.64, 976394, 1674004, 77.40, 77.26, 77.57, 0, 0, 1674004
2024-2-15, 00:00:00.000000, 76.60, 78.44, 75.78, 78.03, 870640, 1684822, 77.21, 77.42, 77.11, 0, 0, 1684822
2024-2-16, 00:00:00.000000, 77.63, 78.52, 76.69, 78.46, 1014340, 1665402, 77.82, 77.89, 77.60, 0, 0, 1665402
2024-2-20, 00:00:00.000000, 78.34, 78.56, 76.80, 77.04, 845163, 1657788, 77.68, 77.47, 77.68, 0, 0, 1657788
2024-2-21, 00:00:00.000000, 77.15, 78.08, 76.32, 77.91, 751578, 1662369, 77.37, 77.44, 77.20, 0, 0, 1662369
2024-2-22, 00:00:00.000000, 78.09, 78.92, 77.23, 78.61, 808132, 1643709, 78.21, 78.25, 78.07, 0, 0, 1643709
2024-2-23, 00:00:00.000000, 78.37, 78.39, 76.35, 76.49, 761602, 1650842, 77.40, 77.08, 77.37, 0, 0, 1650842
2024-2-26, 00:00:00.000000, 76.40, 78.03, 75.84, 77.58, 639781, 1657740, 76.96, 77.15, 76.93, 0, 0, 1657740
2024-2-27, 00:00:00.000000, 77.62, 79.00, 77.17, 78.87, 615595, 1658921, 78.17, 78.35, 78.08, 0, 0, 1658921
2024-2-28, 00:00:00.000000, 78.48, 79.62, 77.78, 78.54, 778716, 1631474, 78.61, 78.65, 78.70, 0, 0, 1631474
2024-2-29, 00:00:00.000000, 78.20, 79.28, 77.94, 78.26, 732687, 1614907, 78.42, 78.49, 78.61, 0, 0, 1614907
2024-3-1, 00:00:00.000000, 78.28, 80.85, 78.05, 79.97, 892967, 1634686, 79.29, 79.62, 79.45, 0, 0, 1634686
2024-3-4, 00:00:00.000000, 80.14, 80.41, 78.56, 78.74, 865587, 1622921, 79.46, 79.24, 79.49, 0, 0, 1622921
2024-3-5, 00:00:00.000000, 78.74, 79.49, 77.52, 78.15, 1075303, 1642519, 78.47, 78.39, 78.50, 0, 0, 1642519
2024-3-6, 00:00:00.000000, 78.15, 80.67, 77.99, 79.13, 1002221, 1667506, 78.99, 79.26, 79.33, 0, 0, 1667506
2024-3-7, 00:00:00.000000, 79.13, 79.53, 78.02, 78.93, 1060619, 1693412, 78.90, 78.83, 78.77, 0, 0, 1693412
2024-3-8, 00:00:00.000000, 79.51, 79.99, 77.56, 78.01, 852285, 1700141, 78.77, 78.52, 78.77, 0, 0, 1700141
2024-3-11, 00:00:00.000000, 77.80, 78.47, 76.79, 77.93, 864853, 1714062, 77.75, 77.73, 77.63, 0, 0, 1714062
2024-3-12, 00:00:00.000000, 78.09, 78.73, 77.34, 77.56, 850634, 1718985, 77.93, 77.88, 78.04, 0, 0, 1718985
2024-3-13, 00:00:00.000000, 78.06, 79.90, 77.57, 79.72, 897033, 1711885, 78.81, 79.06, 78.74, 0, 0, 1711885
2024-3-14, 00:00:00.000000, 79.63, 81.62, 79.57, 81.26, 996892, 1715257, 80.52, 80.82, 80.60, 0, 0, 1715257
2024-3-15, 00:00:00.000000, 81.14, 81.45, 80.49, 81.04, 710242, 1713219, 81.03, 80.99, 80.97, 0, 0, 1713219
2024-3-18, 00:00:00.000000, 80.58, 82.50, 80.56, 82.16, 832952, 1714969, 81.45, 81.74, 81.53, 0, 0, 1714969
2024-3-19, 00:00:00.000000, 82.21, 83.12, 81.81, 82.73, 864098, 1713716, 82.47, 82.55, 82.46, 0, 0, 1713716
2024-3-20, 00:00:00.000000, 82.53, 82.65, 80.83, 81.27, 833155, 1722535, 81.82, 81.58, 81.74, 0, 0, 1722535
2024-3-21, 00:00:00.000000, 81.49, 81.92, 80.30, 81.07, 628048, 1735828, 81.19, 81.10, 81.11, 0, 0, 1735828
2024-3-22, 00:00:00.000000, 80.84, 81.45, 80.42, 80.63, 520563, 1743003, 80.83, 80.83, 80.93, 0, 0, 1743003
2024-3-25, 00:00:00.000000, 80.85, 82.48, 80.59, 81.95, 667702, 1762514, 81.47, 81.67, 81.54, 0, 0, 1762514
2024-3-26, 00:00:00.000000, 81.94, 82.36, 81.22, 81.62, 566804, 1775565, 81.79, 81.73, 81.79, 0, 0, 1775565
2024-3-27, 00:00:00.000000, 81.29, 81.74, 80.55, 81.35, 554365, 1770367, 81.23, 81.21, 81.15, 0, 0, 1770367
2024-3-28, 00:00:00.000000, 81.71, 83.21, 81.52, 83.17, 721254, 1775492, 82.40, 82.63, 82.36, 0, 0, 1775492
2024-4-1, 00:00:00.000000, 83.14, 84.49, 82.60, 83.71, 879970, 1763616, 83.49, 83.60, 83.54, 0, 0, 1763616
2024-4-2, 00:00:00.000000, 84.04, 85.50, 83.85, 85.15, 981349, 1757685, 84.64, 84.83, 84.68, 0, 0, 1757685
2024-4-3, 00:00:00.000000, 85.46, 86.20, 84.85, 85.43, 900161, 1763209, 85.49, 85.49, 85.52, 0, 0, 1763209
2024-4-4, 00:00:00.000000, 85.66, 87.22, 84.64, 86.59, 1006152, 1783343, 86.03, 86.15, 85.93, 0, 0, 1783343
2024-4-5, 00:00:00.000000, 86.86, 87.63, 86.32, 86.91, 959609, 1768900, 86.93, 86.95, 86.97, 0, 0, 1768900
2024-4-8, 00:00:00.000000, 86.10, 87.10, 84.69, 86.43, 926555, 1750497, 86.08, 86.07, 85.90, 0, 0, 1750497
2024-4-9, 00:00:00.000000, 86.59, 86.98, 85.09, 85.23, 871639, 1762094, 85.97, 85.77, 86.04, 0, 0, 1762094
2024-4-10, 00:00:00.000000, 85.34, 86.38, 84.55, 86.21, 1038433, 1779526, 85.62, 85.71, 85.46, 0, 0, 1779526
2024-4-11, 00:00:00.000000, 86.32, 86.63, 84.84, 85.02, 1017770, 1798505, 85.70, 85.50, 85.74, 0, 0, 1798505
2024-4-12, 00:00:00.000000, 85.60, 87.67, 85.24, 85.66, 1025313, 1802163, 86.04, 86.19, 86.46, 0, 0, 1802163
2024-4-15, 00:00:00.000000, 85.93, 86.11, 84.05, 85.41, 930490, 1800696, 85.38, 85.19, 85.08, 0, 0, 1800696
2024-4-16, 00:00:00.000000, 85.70, 86.18, 84.75, 85.36, 769142, 1799606, 85.50, 85.43, 85.46, 0, 0, 1799606
2024-4-17, 00:00:00.000000, 85.36, 85.51, 82.55, 82.69, 1170293, 1813172, 84.03, 83.58, 84.03, 0, 0, 1813172
2024-4-18, 00:00:00.000000, 82.28, 82.84, 81.06, 82.10, 882262, 1792505, 82.07, 82.00, 81.95, 0, 0, 1792505
2024-4-19, 00:00:00.000000, 81.99, 85.64, 81.13, 82.22, 1253565, 1771873, 82.75, 83.00, 83.38, 0, 0, 1771873
2024-4-22, 00:00:00.000000, 81.84, 82.29, 80.70, 81.90, 697717, 1750157, 81.68, 81.63, 81.49, 0, 0, 1750157
2024-4-23, 00:00:00.000000, 82.13, 83.43, 80.88, 83.36, 818244, 1762704, 82.45, 82.56, 82.15, 0, 0, 1762704
2024-4-24, 00:00:00.000000, 83.40, 83.71, 82.44, 82.81, 715970, 1777586, 83.09, 82.99, 83.07, 0, 0, 1777586
2024-4-25, 00:00:00.000000, 82.83, 83.83, 81.99, 83.57, 661577, 1776521, 83.06, 83.13, 82.91, 0, 0, 1776521
2024-4-26, 00:00:00.000000, 83.81, 84.46, 83.35, 83.85, 535526, 1806621, 83.87, 83.89, 83.90, 0, 0, 1806621
2024-4-29, 00:00:00.000000, 83.69, 83.91, 82.40, 82.63, 789679, 1791254, 83.16, 82.98, 83.15, 0, 0, 1791254
2024-4-30, 00:00:00.000000, 82.76, 83.30, 80.95, 81.93, 1011465, 1794542, 82.24, 82.06, 82.13, 0, 0, 1794542
2024-5-1, 00:00:00.000000, 81.48, 81.57, 78.83, 79.00, 1115620, 1828853, 80.22, 79.80, 80.20, 0, 0, 1828853
2024-5-2, 00:00:00.000000, 79.15, 79.90, 78.41, 78.95, 899734, 1834325, 79.10, 79.09, 79.15, 0, 0, 1834325
2024-5-3, 00:00:00.000000, 79.07, 79.63, 77.96, 78.11, 961686, 1838422, 78.69, 78.57, 78.79, 0, 0, 1838422
2024-5-6, 00:00:00.000000, 78.16, 79.09, 77.91, 78.48, 733353, 1853619, 78.41, 78.49, 78.50, 0, 0, 1853619
2024-5-7, 00:00:00.000000, 78.72, 79.17, 77.55, 78.38, 930444, 1836765, 78.46, 78.37, 78.36, 0, 0, 1836765
2024-5-8, 00:00:00.000000, 78.34, 79.27, 76.89, 78.99, 1007121, 1814439, 78.37, 78.38, 78.08, 0, 0, 1814439
2024-5-9, 00:00:00.000000, 79.23, 79.80, 78.91, 79.26, 746008, 1819816, 79.30, 79.32, 79.36, 0, 0, 1819816
2024-5-10, 00:00:00.000000, 79.59, 79.96, 78.14, 78.26, 749576, 1823881, 78.99, 78.79, 79.05, 0, 0, 1823881
2024-5-13, 00:00:00.000000, 78.18, 79.49, 77.78, 79.12, 791751, 1796313, 78.64, 78.80, 78.63, 0, 0, 1796313
2024-5-14, 00:00:00.000000, 79.23, 79.38, 77.68, 78.02, 952651, 1787763, 78.58, 78.36, 78.53, 0, 0, 1787763
2024-5-15, 00:00:00.000000, 78.44, 78.92, 76.70, 78.63, 1000475, 1786691, 78.17, 78.08, 77.81, 0, 0, 1786691
2024-5-16, 00:00:00.000000, 78.84, 79.85, 78.20, 79.23, 849453, 1767870, 79.03, 79.09, 79.02, 0, 0, 1767870
2024-5-17, 00:00:00.000000, 78.92, 79.66, 78.58, 79.58, 757665, 1769119, 79.18, 79.27, 79.12, 0, 0, 1769119
2024-5-20, 00:00:00.000000, 79.58, 80.11, 78.67, 79.30, 765189, 1773292, 79.42, 79.36, 79.39, 0, 0, 1773292
2024-5-21, 00:00:00.000000, 79.23, 79.30, 77.65, 78.66, 891346, 1779806, 78.71, 78.54, 78.48, 0, 0, 1779806
2024-5-22, 00:00:00.000000, 78.21, 78.41, 77.25, 77.57, 752390, 1797085, 77.86, 77.74, 77.83, 0, 0, 1797085
2024-5-23, 00:00:00.000000, 77.29, 78.66, 76.43, 76.87, 730811, 1808902, 77.31, 77.32, 77.54, 0, 0, 1808902
2024-5-24, 00:00:00.000000, 77.04, 78.05, 76.15, 77.72, 722045, 1823776, 77.24, 77.31, 77.10, 0, 0, 1823776
2024-5-28, 00:00:00.000000, 77.81, 80.29, 77.69, 79.83, 776259, 1833461, 78.90, 79.27, 78.99, 0, 0, 1833461
2024-5-29, 00:00:00.000000, 80.26, 80.62, 78.99, 79.23, 748503, 1810148, 79.78, 79.61, 79.81, 0, 0, 1810148
2024-5-30, 00:00:00.000000, 79.28, 79.42, 77.63, 77.91, 958869, 1816170, 78.56, 78.32, 78.52, 0, 0, 1816170
2024-5-31, 00:00:00.000000, 77.91, 78.62, 76.67, 76.99, 946833, 1799542, 77.55, 77.43, 77.65, 0, 0, 1799542
2024-6-3, 00:00:00.000000, 76.97, 77.52, 73.98, 74.22, 1199483, 1824241, 75.67, 75.24, 75.75, 0, 0, 1824241
2024-6-4, 00:00:00.000000, 74.02, 74.13, 72.48, 73.25, 1163563, 1814253, 73.47, 73.29, 73.31, 0, 0, 1814253
2024-6-5, 00:00:00.000000, 72.90, 74.33, 72.82, 74.07, 844930, 1816641, 73.53, 73.74, 73.57, 0, 0, 1816641
2024-6-6, 00:00:00.000000, 74.30, 75.79, 74.06, 75.55, 764755, 1822701, 74.93, 75.13, 74.93, 0, 0, 1822701
2024-6-7, 00:00:00.000000, 75.67, 76.25, 75.21, 75.53, 722763, 1807183, 75.67, 75.66, 75.73, 0, 0, 1807183
2024-6-10, 00:00:00.000000, 75.35, 78.29, 75.23, 77.74, 850397, 1785234, 76.65, 77.09, 76.76, 0, 0, 1785234
2024-6-11, 00:00:00.000000, 78.12, 78.36, 77.22, 77.90, 897833, 1755642, 77.90, 77.83, 77.79, 0, 0, 1755642
2024-6-12, 00:00:00.000000, 78.22, 79.32, 77.88, 78.50, 937039, 1765064, 78.48, 78.57, 78.60, 0, 0, 1765064
2024-6-13, 00:00:00.000000, 78.37, 78.89, 77.67, 78.62, 1097675, 1767236, 78.39, 78.39, 78.28, 0, 0, 1767236
2024-6-14, 00:00:00.000000, 77.96, 79.15, 77.73, 78.45, 1110506, 1727520, 78.32, 78.44, 78.44, 0, 0, 1727520
2024-6-17, 00:00:00.000000, 78.48, 80.66, 77.98, 80.33, 1116078, 1705408, 79.36, 79.66, 79.32, 0, 0, 1705408
2024-6-18, 00:00:00.000000, 79.92, 80.85, 79.17, 80.71, 1236786, 1677538, 80.16, 80.24, 80.01, 0, 0, 1677538
2024-6-20, 00:00:00.000000, 80.75, 81.52, 80.30, 81.29, 983897, 1681666, 80.96, 81.04, 80.91, 0, 0, 1681666
2024-6-21, 00:00:00.000000, 81.27, 81.79, 80.35, 80.73, 692547, 1673601, 81.04, 80.96, 81.07, 0, 0, 1673601
2024-6-24, 00:00:00.000000, 80.45, 81.78, 80.23, 81.63, 690754, 1690972, 81.02, 81.21, 81.01, 0, 0, 1690972
2024-6-25, 00:00:00.000000, 81.70, 81.90, 80.55, 80.83, 755871, 1680601, 81.25, 81.09, 81.23, 0, 0, 1680601
2024-6-26, 00:00:00.000000, 80.72, 81.63, 80.18, 80.90, 751706, 1683783, 80.86, 80.90, 80.90, 0, 0, 1683783
2024-6-27, 00:00:00.000000, 80.86, 82.04, 80.51, 81.74, 781620, 1701415, 81.29, 81.43, 81.28, 0, 0, 1701415
2024-6-28, 00:00:00.000000, 81.86, 82.72, 80.97, 81.54, 573868, 1707775, 81.77, 81.74, 81.85, 0, 0, 1707775
2024-7-1, 00:00:00.000000, 81.45, 83.64, 81.38, 83.38, 933402, 1734370, 82.46, 82.80, 82.51, 0, 0, 1734370
2024-7-2, 00:00:00.000000, 83.43, 84.38, 82.72, 82.81, 1000056, 1721585, 83.33, 83.30, 83.55, 0, 0, 1721585
2024-7-3, 00:00:00.000000, 83.20, 83.93, 82.46, 83.88, 758174, 1714568, 83.37, 83.42, 83.19, 0, 0, 1714568
2024-7-5, 00:00:00.000000, 83.60, 84.52, 83.02, 83.16, 779001, 1730089, 83.57, 83.57, 83.77, 0, 0, 1730089
2024-7-8, 00:00:00.000000, 83.15, 83.32, 82.08, 82.33, 633491, 1753330, 82.72, 82.58, 82.70, 0, 0, 1753330
2024-7-9, 00:00:00.000000, 82.22, 82.48, 81.25, 81.41, 731451, 1767729, 81.84, 81.71, 81.87, 0, 0, 1767729
2024-7-10, 00:00:00.000000, 81.81, 82.66, 80.81, 82.10, 849663, 1789876, 81.85, 81.86, 81.74, 0, 0, 1789876
2024-7-11, 00:00:00.000000, 82.40, 83.13, 81.63, 82.62, 902959, 1797320, 82.44, 82.46, 82.38, 0, 0, 1797320
2024-7-12, 00:00:00.000000, 82.86, 83.74, 82.10, 82.21, 1110602, 1792528, 82.73, 82.68, 82.92, 0, 0, 1792528
2024-7-15, 00:00:00.000000, 82.16, 82.58, 81.47, 81.91, 787273, 1800145, 82.03, 81.99, 82.03, 0, 0, 1800145
2024-7-16, 00:00:00.000000, 81.92, 81.93, 80.22, 80.76, 963190, 1831212, 81.21, 80.97, 81.07, 0, 0, 1831212
2024-7-17, 00:00:00.000000, 80.85, 83.10, 80.45, 82.85, 1311550, 1835794, 81.81, 82.13, 81.77, 0, 0, 1835794
2024-7-18, 00:00:00.000000, 81.68, 82.27, 80.61, 81.30, 998983, 1846193, 81.46, 81.39, 81.44, 0, 0, 1846193
2024-7-19, 00:00:00.000000, 80.88, 81.34, 78.59, 78.64, 977143, 1837768, 79.86, 79.52, 79.96, 0, 0, 1837768
2024-7-22, 00:00:00.000000, 78.95, 79.13, 77.55, 78.40, 798302, 1804139, 78.51, 78.36, 78.34, 0, 0, 1804139
2024-7-23, 00:00:00.000000, 78.27, 78.73, 76.40, 76.96, 955544, 1808365, 77.59, 77.36, 77.57, 0, 0, 1808365
2024-7-24, 00:00:00.000000, 77.45, 78.19, 76.98, 77.59, 944947, 1843077, 77.55, 77.59, 77.59, 0, 0, 1843077
2024-7-25, 00:00:00.000000, 77.50, 78.47, 76.04, 78.28, 1067911, 1854492, 77.57, 77.60, 77.26, 0, 0, 1854492
2024-7-26, 00:00:00.000000, 78.35, 78.60, 76.19, 77.16, 853938, 1839418, 77.57, 77.32, 77.40, 0, 0, 1839418
2024-7-29, 00:00:00.000000, 77.30, 77.69, 75.35, 75.81, 891556, 1828368, 76.54, 76.28, 76.52, 0, 0, 1828368
2024-7-30, 00:00:00.000000, 75.91, 75.97, 74.59, 74.73, 1038799, 1787630, 75.30, 75.10, 75.28, 0, 0, 1787630
2024-7-31, 00:00:00.000000, 75.24, 78.66, 75.18, 77.91, 1148425, 1810095, 76.75, 77.25, 76.92, 0, 0, 1810095
2024-8-1, 00:00:00.000000, 78.59, 78.88, 76.24, 76.31, 961679, 1820851, 77.50, 77.14, 77.56, 0, 0, 1820851
2024-8-2, 00:00:00.000000, 76.87, 77.29, 72.97, 73.52, 1155110, 1848077, 75.16, 74.59, 75.13, 0, 0, 1848077
2024-8-5, 00:00:00.000000, 74.21, 74.46, 71.67, 72.94, 1234242, 1824633, 73.32, 73.02, 73.07, 0, 0, 1824633
2024-8-6, 00:00:00.000000, 73.86, 74.56, 72.20, 73.20, 881420, 1828846, 73.46, 73.32, 73.38, 0, 0, 1828846
2024-8-7, 00:00:00.000000, 72.84, 75.84, 72.58, 75.23, 1112296, 1798494, 74.12, 74.55, 74.21, 0, 0, 1798494
2024-8-8, 00:00:00.000000, 75.47, 76.52, 74.60, 76.19, 941913, 1785307, 75.69, 75.77, 75.56, 0, 0, 1785307
2024-8-9, 00:00:00.000000, 76.02, 77.09, 75.85, 76.84, 694948, 1786775, 76.45, 76.59, 76.47, 0, 0, 1786775
2024-8-12, 00:00:00.000000, 76.99, 80.16, 76.70, 80.06, 1145293, 1808706, 78.48, 78.97, 78.43, 0, 0, 1808706
2024-8-13, 00:00:00.000000, 79.74, 80.15, 78.16, 78.35, 1092554, 1790876, 79.10, 78.89, 79.15, 0, 0, 1790876
2024-8-14, 00:00:00.000000, 78.73, 79.10, 76.83, 76.98, 1230776, 1791932, 77.91, 77.64, 77.96, 0, 0, 1791932
2024-8-15, 00:00:00.000000, 77.52, 78.60, 76.93, 78.16, 794294, 1784062, 77.80, 77.90, 77.76, 0, 0, 1784062
2024-8-16, 00:00:00.000000, 76.81, 76.98, 74.52, 75.54, 813730, 1778936, 75.96, 75.68, 75.75, 0, 0, 1778936
2024-8-19, 00:00:00.000000, 75.47, 75.73, 73.45, 73.66, 1002702, 1739798, 74.58, 74.28, 74.59, 0, 0, 1739798
2024-8-20, 00:00:00.000000, 73.74, 74.38, 72.54, 73.17, 745732, 1741234, 73.46, 73.36, 73.46, 0, 0, 1741234
2024-8-21, 00:00:00.000000, 73.12, 74.16, 71.46, 71.93, 963978, 1745030, 72.67, 72.52, 72.81, 0, 0, 1745030
2024-8-22, 00:00:00.000000, 71.93, 73.52, 71.58, 73.01, 819828, 1740103, 72.51, 72.70, 72.55, 0, 0, 1740103
2024-8-23, 00:00:00.000000, 72.96, 75.07, 72.83, 74.83, 729269, 1750351, 73.92, 74.24, 73.95, 0, 0, 1750351
2024-8-26, 00:00:00.000000, 75.10, 77.60, 75.04, 77.42, 1152066, 1740068, 76.29, 76.69, 76.32, 0, 0, 1740068
2024-8-27, 00:00:00.000000, 77.20, 77.48, 75.40, 75.53, 900257, 1742613, 76.40, 76.14, 76.44, 0, 0, 1742613
2024-8-28, 00:00:00.000000, 75.75, 75.95, 73.82, 74.52, 790086, 1739337, 75.01, 74.76, 74.88, 0, 0, 1739337
2024-8-29, 00:00:00.000000, 74.42, 76.91, 74.05, 75.91, 1094535, 1753063, 75.32, 75.62, 75.48, 0, 0, 1753063
2024-8-30, 00:00:00.000000, 75.87, 76.59, 73.36, 73.55, 1109137, 1716253, 74.84, 74.50, 74.97, 0, 0, 1716253
2024-9-3, 00:00:00.000000, 73.53, 74.41, 70.10, 70.34, 1441920, 1727524, 72.10, 71.62, 72.26, 0, 0, 1727524
2024-9-4, 00:00:00.000000, 70.28, 71.46, 68.82, 69.20, 1357515, 1711054, 69.94, 69.83, 70.14, 0, 0, 1711054
2024-9-5, 00:00:00.000000, 69.27, 70.82, 68.75, 69.15, 1199965, 1740504, 69.50, 69.57, 69.79, 0, 0, 1740504
2024-9-6, 00:00:00.000000, 69.33, 70.13, 67.17, 67.67, 995549, 1760245, 68.57, 68.32, 68.65, 0, 0, 1760245
2024-9-9, 00:00:00.000000, 68.13, 68.96, 67.31, 68.71, 934639, 1786050, 68.28, 68.33, 68.13, 0, 0, 1786050
2024-9-10, 00:00:00.000000, 68.78, 69.08, 65.27, 65.75, 1344904, 1802465, 67.22, 66.70, 67.18, 0, 0, 1802465
2024-9-11, 00:00:00.000000, 66.28, 67.97, 65.63, 67.31, 1146487, 1810589, 66.80, 66.97, 66.80, 0, 0, 1810589
2024-9-12, 00:00:00.000000, 67.39, 69.81, 67.24, 68.97, 987773, 1822497, 68.35, 68.67, 68.52, 0, 0, 1822497
2024-9-13, 00:00:00.000000, 69.31, 70.32, 68.47, 68.65, 946364, 1835183, 69.19, 69.15, 69.40, 0, 0, 1835183
2024-9-16, 00:00:00.000000, 69.16, 70.70, 68.65, 70.09, 873611, 1822135, 69.65, 69.81, 69.68, 0, 0, 1822135
2024-9-17, 00:00:00.000000, 70.50, 71.92, 69.61, 71.19, 991680, 1812275, 70.81, 70.91, 70.76, 0, 0, 1812275
2024-9-18, 00:00:00.000000, 69.98, 70.31, 68.58, 69.88, 961335, 1797892, 69.69, 69.59, 69.44, 0, 0, 1797892
2024-9-19, 00:00:00.000000, 69.15, 71.53, 69.13, 71.16, 981614, 1750927, 70.24, 70.61, 70.33, 0, 0, 1750927
2024-9-20, 00:00:00.000000, 71.18, 71.45, 70.37, 71.00, 811789, 1757865, 71.00, 70.94, 70.91, 0, 0, 1757865
2024-9-23, 00:00:00.000000, 71.31, 71.81, 69.49, 70.37, 782534, 1768023, 70.74, 70.56, 70.65, 0, 0, 1768023
2024-9-24, 00:00:00.000000, 70.76, 72.40, 70.44, 71.56, 801587, 1780393, 71.29, 71.47, 71.42, 0, 0, 1780393
2024-9-25, 00:00:00.000000, 71.54, 71.72, 69.23, 69.69, 1189306, 1764869, 70.55, 70.21, 70.48, 0, 0, 1764869
2024-9-26, 00:00:00.000000, 69.89, 70.01, 66.95, 67.67, 1248721, 1780801, 68.63, 68.21, 68.48, 0, 0, 1780801
2024-9-27, 00:00:00.000000, 67.45, 68.65, 67.06, 68.18, 813487, 1786479, 67.83, 67.96, 67.85, 0, 0, 1786479
2024-9-30, 00:00:00.000000, 68.63, 69.32, 67.57, 68.17, 857931, 1779029, 68.42, 68.35, 68.44, 0, 0, 1779029
2024-10-1, 00:00:00.000000, 68.41, 71.94, 66.33, 69.83, 1722409, 1771336, 69.13, 69.37, 69.14, 0, 0, 1771336
2024-10-2, 00:00:00.000000, 70.80, 72.49, 69.87, 70.10, 1082347, 1772841, 70.82, 70.82, 71.18, 0, 0, 1772841
2024-10-3, 00:00:00.000000, 70.98, 74.09, 70.52, 73.71, 1341720, 1770829, 72.32, 72.77, 72.30, 0, 0, 1770829
2024-10-4, 00:00:00.000000, 73.95, 75.57, 73.46, 74.38, 1299590, 1742843, 74.34, 74.47, 74.51, 0, 0, 1742843
2024-10-7, 00:00:00.000000, 74.40, 77.40, 73.62, 77.14, 1314238, 1736066, 75.64, 76.05, 75.51, 0, 0, 1736066
2024-10-8, 00:00:00.000000, 77.33, 78.46, 72.69, 73.57, 1411308, 1707072, 75.51, 74.91, 75.57, 0, 0, 1707072
2024-10-9, 00:00:00.000000, 73.84, 74.45, 71.53, 73.24, 1034955, 1678033, 73.26, 73.07, 72.99, 0, 0, 1678033
2024-10-10, 00:00:00.000000, 73.39, 76.24, 73.26, 75.85, 957726, 1686516, 74.69, 75.12, 74.75, 0, 0, 1686516
2024-10-11, 00:00:00.000000, 75.74, 76.04, 74.53, 75.56, 815706, 1690872, 75.47, 75.38, 75.29, 0, 0, 1690872
2024-10-14, 00:00:00.000000, 75.05, 75.08, 71.81, 73.83, 733907, 1699858, 73.94, 73.57, 73.44, 0, 0, 1699858
2024-10-15, 00:00:00.000000, 71.51, 72.12, 69.71, 70.58, 978889, 1689760, 70.98, 70.80, 70.92, 0, 0, 1689760
2024-10-16, 00:00:00.000000, 70.99, 71.31, 69.64, 70.39, 644089, 1696620, 70.58, 70.45, 70.47, 0, 0, 1696620
2024-10-17, 00:00:00.000000, 70.68, 71.11, 69.44, 70.67, 682045, 1685374, 70.48, 70.41, 70.28, 0, 0, 1685374
2024-10-18, 00:00:00.000000, 70.17, 70.67, 68.17, 68.69, 736985, 1691480, 69.43, 69.18, 69.42, 0, 0, 1691480
2024-10-21, 00:00:00.000000, 68.94, 70.39, 68.46, 70.04, 639337, 1664989, 69.46, 69.63, 69.43, 0, 0, 1664989
2024-10-22, 00:00:00.000000, 69.96, 72.09, 69.35, 71.74, 668874, 1644454, 70.78, 71.06, 70.72, 0, 0, 1644454
2024-10-23, 00:00:00.000000, 71.35, 71.72, 70.13, 70.77, 618179, 1659220, 70.99, 70.87, 70.93, 0, 0, 1659220
2024-10-24, 00:00:00.000000, 71.02, 72.34, 69.77, 70.19, 523158, 0, 70.83, 70.77, 71.05, 0, 0, 0
